#ifndef _COEFFS_H_
#define _COEFFS_H_
#include "../preface.h"
#define ORDER 14
#define HALF  7
static real_t coeffs[15][15] = {
 {-3.2515623265623264,14.0,-45.5,121.33333333333333,-250.25,400.4,-500.5,490.2857142857143,-375.375,222.44444444444446,-100.1,33.09090909090909,-7.583333333333333,1.0769230769230769,-0.07142857142857142}, {-0.07142857142857142,-2.180133755133755,6.5,-13.0,23.833333333333332,-35.75,42.9,-40.857142857142854,30.642857142857142,-17.875,7.944444444444445,-2.6,0.5909090909090909,-0.08333333333333333,0.005494505494505495}, {0.005494505494505495,-0.15384615384615385,-1.6032106782106783,4.0,-5.5,7.333333333333333,-8.25,7.542857142857143,-5.5,3.142857142857143,-1.375,0.4444444444444444,-0.1,0.013986013986013986,-0.0009157509157509158}, {-0.0009157509157509158,0.019230769230769232,-0.25,-1.1865440115440116,2.75,-2.75,2.75,-2.357142857142857,1.65,-0.9166666666666666,0.39285714285714285,-0.125,0.027777777777777776,-0.0038461538461538464,0.00024975024975024975}, {0.00024975024975024975,-0.004662004662004662,0.045454545454545456,-0.36363636363636365,-0.8456349206349206,2.0,-1.5,1.1428571428571428,-0.75,0.4,-0.16666666666666666,0.05194805194805195,-0.011363636363636364,0.001554001554001554,-9.99000999000999e-5}, {-9.99000999000999e-5,0.0017482517482517483,-0.015151515151515152,0.09090909090909091,-0.5,-0.5456349206349206,1.5,-0.8571428571428571,0.5,-0.25,0.1,-0.030303030303030304,0.006493506493506494,-0.0008741258741258741,5.55000555000555e-5}, {5.55000555000555e-5,-0.0009324009324009324,0.007575757575757576,-0.04040404040404041,0.16666666666666666,-0.6666666666666666,-0.26785714285714285,1.1428571428571428,-0.5,0.2222222222222222,-0.08333333333333333,0.024242424242424242,-0.005050505050505051,0.000666000666000666,-4.1625041625041625e-5}, {-4.1625041625041625e-5,0.0006798756798756799,-0.005303030303030303,0.026515151515151516,-0.09722222222222222,0.2916666666666667,-0.875,0.0,0.875,-0.2916666666666667,0.09722222222222222,-0.026515151515151516,0.005303030303030303,-0.0006798756798756799,4.1625041625041625e-5}, {4.1625041625041625e-5,-0.000666000666000666,0.005050505050505051,-0.024242424242424242,0.08333333333333333,-0.2222222222222222,0.5,-1.1428571428571428,0.26785714285714285,0.6666666666666666,-0.16666666666666666,0.04040404040404041,-0.007575757575757576,0.0009324009324009324,-5.55000555000555e-5}, {-5.55000555000555e-5,0.0008741258741258741,-0.006493506493506494,0.030303030303030304,-0.1,0.25,-0.5,0.8571428571428571,-1.5,0.5456349206349206,0.5,-0.09090909090909091,0.015151515151515152,-0.0017482517482517483,9.99000999000999e-5}, {9.99000999000999e-5,-0.001554001554001554,0.011363636363636364,-0.05194805194805195,0.16666666666666666,-0.4,0.75,-1.1428571428571428,1.5,-2.0,0.8456349206349206,0.36363636363636365,-0.045454545454545456,0.004662004662004662,-0.00024975024975024975}, {-0.00024975024975024975,0.0038461538461538464,-0.027777777777777776,0.125,-0.39285714285714285,0.9166666666666666,-1.65,2.357142857142857,-2.75,2.75,-2.75,1.1865440115440116,0.25,-0.019230769230769232,0.0009157509157509158}, {0.0009157509157509158,-0.013986013986013986,0.1,-0.4444444444444444,1.375,-3.142857142857143,5.5,-7.542857142857143,8.25,-7.333333333333333,5.5,-4.0,1.6032106782106783,0.15384615384615385,-0.005494505494505495}, {-0.005494505494505495,0.08333333333333333,-0.5909090909090909,2.6,-7.944444444444445,17.875,-30.642857142857142,40.857142857142854,-42.9,35.75,-23.833333333333332,13.0,-6.5,2.180133755133755,0.07142857142857142}, {0.07142857142857142,-1.0769230769230769,7.583333333333333,-33.09090909090909,100.1,-222.44444444444446,375.375,-490.2857142857143,500.5,-400.4,250.25,-121.33333333333333,45.5,-14.0,3.2515623265623264}

};

#endif
