#ifndef _COEFFS_H_
#define _COEFFS_H_
#include "../preface.h"
#define ORDER 16
#define HALF  8
static real_t coeffs[17][17] = {
 {-3.3807289932289932,16.0,-60.0,186.66666666666666,-455.0,873.6,-1334.6666666666667,1634.2857142857142,-1608.75,1271.111111111111,-800.8,397.09090909090907,-151.66666666666666,43.07692307692308,-8.571428571428571,1.0666666666666667,-0.0625}, {-0.0625,-2.3182289932289932,7.5,-17.5,37.916666666666664,-68.25,100.1,-119.16666666666667,114.91071428571429,-89.375,55.611111111111114,-27.3,10.340909090909092,-2.9166666666666665,0.5769230769230769,-0.07142857142857142,0.004166666666666667}, {0.004166666666666667,-0.13333333333333333,-1.7515623265623266,4.666666666666667,-7.583333333333333,12.133333333333333,-16.683333333333334,19.066666666666666,-17.875,13.619047619047619,-8.341666666666667,4.044444444444444,-1.5166666666666666,0.42424242424242425,-0.08333333333333333,0.010256410256410256,-0.0005952380952380953}, {-0.0005952380952380953,0.014285714285714285,-0.21428571428571427,-1.3468004218004217,3.25,-3.9,4.766666666666667,-5.107142857142857,4.5964285714285715,-3.4047619047619047,2.0428571428571427,-0.975,0.3611111111111111,-0.1,0.01948051948051948,-0.002380952380952381,0.00013736263736263736}, {0.00013736263736263736,-0.0029304029304029304,0.03296703296703297,-0.3076923076923077,-1.0198773448773448,2.4,-2.2,2.0952380952380953,-1.7678571428571428,1.2571428571428571,-0.7333333333333333,0.34285714285714286,-0.125,0.03418803418803419,-0.006593406593406593,0.0007992007992007992,-4.578754578754579e-5}, {-4.578754578754579e-5,0.0009157509157509158,-0.009157509157509158,0.0641025641025641,-0.4166666666666667,-0.7365440115440115,1.8333333333333333,-1.3095238095238095,0.9821428571428571,-0.6547619047619048,0.36666666666666664,-0.16666666666666666,0.05952380952380952,-0.016025641025641024,0.0030525030525030525,-0.0003663003663003663,2.0812520812520813e-5}, {2.0812520812520813e-5,-0.0003996003996003996,0.0037462537462537465,-0.023310023310023312,0.11363636363636363,-0.5454545454545454,-0.478968253968254,1.4285714285714286,-0.8035714285714286,0.47619047619047616,-0.25,0.10909090909090909,-0.03787878787878788,0.00999000999000999,-0.0018731268731268732,0.000222000222000222,-1.2487512487512488e-5}, {-1.2487512487512488e-5,0.0002331002331002331,-0.002097902097902098,0.012237762237762238,-0.05303030303030303,0.19090909090909092,-0.7,-0.2361111111111111,1.125,-0.5,0.23333333333333334,-0.09545454545454546,0.031818181818181815,-0.008158508158508158,0.0014985014985014985,-0.00017482517482517483,9.712509712509713e-6}, {9.712509712509713e-6,-0.0001776001776001776,0.001554001554001554,-0.008702408702408702,0.03535353535353535,-0.11313131313131314,0.3111111111111111,-0.8888888888888888,0.0,0.8888888888888888,-0.3111111111111111,0.11313131313131314,-0.03535353535353535,0.008702408702408702,-0.001554001554001554,0.0001776001776001776,-9.712509712509713e-6}, {-9.712509712509713e-6,0.00017482517482517483,-0.0014985014985014985,0.008158508158508158,-0.031818181818181815,0.09545454545454546,-0.23333333333333334,0.5,-1.125,0.2361111111111111,0.7,-0.19090909090909092,0.05303030303030303,-0.012237762237762238,0.002097902097902098,-0.0002331002331002331,1.2487512487512488e-5}, {1.2487512487512488e-5,-0.000222000222000222,0.0018731268731268732,-0.00999000999000999,0.03787878787878788,-0.10909090909090909,0.25,-0.47619047619047616,0.8035714285714286,-1.4285714285714286,0.478968253968254,0.5454545454545454,-0.11363636363636363,0.023310023310023312,-0.0037462537462537465,0.0003996003996003996,-2.0812520812520813e-5}, {-2.0812520812520813e-5,0.0003663003663003663,-0.0030525030525030525,0.016025641025641024,-0.05952380952380952,0.16666666666666666,-0.36666666666666664,0.6547619047619048,-0.9821428571428571,1.3095238095238095,-1.8333333333333333,0.7365440115440115,0.4166666666666667,-0.0641025641025641,0.009157509157509158,-0.0009157509157509158,4.578754578754579e-5}, {4.578754578754579e-5,-0.0007992007992007992,0.006593406593406593,-0.03418803418803419,0.125,-0.34285714285714286,0.7333333333333333,-1.2571428571428571,1.7678571428571428,-2.0952380952380953,2.2,-2.4,1.0198773448773448,0.3076923076923077,-0.03296703296703297,0.0029304029304029304,-0.00013736263736263736}, {-0.00013736263736263736,0.002380952380952381,-0.01948051948051948,0.1,-0.3611111111111111,0.975,-2.0428571428571427,3.4047619047619047,-4.5964285714285715,5.107142857142857,-4.766666666666667,3.9,-3.25,1.3468004218004217,0.21428571428571427,-0.014285714285714285,0.0005952380952380953}, {0.0005952380952380953,-0.010256410256410256,0.08333333333333333,-0.42424242424242425,1.5166666666666666,-4.044444444444444,8.341666666666667,-13.619047619047619,17.875,-19.066666666666666,16.683333333333334,-12.133333333333333,7.583333333333333,-4.666666666666667,1.7515623265623266,0.13333333333333333,-0.004166666666666667}, {-0.004166666666666667,0.07142857142857142,-0.5769230769230769,2.9166666666666665,-10.340909090909092,27.3,-55.611111111111114,89.375,-114.91071428571429,119.16666666666667,-100.1,68.25,-37.916666666666664,17.5,-7.5,2.3182289932289932,0.0625}, {0.0625,-1.0666666666666667,8.571428571428571,-43.07692307692308,151.66666666666666,-397.09090909090907,800.8,-1271.111111111111,1608.75,-1634.2857142857142,1334.6666666666667,-873.6,455.0,-186.66666666666666,60.0,-16.0,3.3807289932289932}

};

#endif
