#ifndef _COEFFS_H_
#define _COEFFS_H_
#include "../preface.h"
#define ORDER 12
#define HALF  6
static real_t coeffs[13][13] = {
 {-3.103210678210678,12.0,-33.0,73.33333333333333,-123.75,158.4,-154.0,113.14285714285714,-61.875,24.444444444444443,-6.6,1.0909090909090908,-0.08333333333333333}, {-0.08333333333333333,-2.019877344877345,5.5,-9.166666666666666,13.75,-16.5,15.4,-11.0,5.892857142857143,-2.2916666666666665,0.6111111111111112,-0.1,0.007575757575757576}, {0.007575757575757576,-0.18181818181818182,-1.428968253968254,3.3333333333333335,-3.75,4.0,-3.5,2.4,-1.25,0.47619047619047616,-0.125,0.020202020202020204,-0.0015151515151515152}, {-0.0015151515151515152,0.02727272727272727,-0.3,-0.9956349206349207,2.25,-1.8,1.4,-0.9,0.45,-0.16666666666666666,0.04285714285714286,-0.006818181818181818,0.000505050505050505}, {0.000505050505050505,-0.00808080808080808,0.06666666666666667,-0.4444444444444444,-0.6345238095238095,1.6,-0.9333333333333333,0.5333333333333333,-0.25,0.08888888888888889,-0.022222222222222223,0.003463203463203463,-0.0002525252525252525}, {-0.0002525252525252525,0.003787878787878788,-0.027777777777777776,0.1388888888888889,-0.625,-0.30952380952380953,1.1666666666666667,-0.5,0.20833333333333334,-0.06944444444444445,0.016666666666666666,-0.0025252525252525255,0.00018037518037518038}, {0.00018037518037518038,-0.0025974025974025974,0.017857142857142856,-0.07936507936507936,0.26785714285714285,-0.8571428571428571,0.0,0.8571428571428571,-0.26785714285714285,0.07936507936507936,-0.017857142857142856,0.0025974025974025974,-0.00018037518037518038}, {-0.00018037518037518038,0.0025252525252525255,-0.016666666666666666,0.06944444444444445,-0.20833333333333334,0.5,-1.1666666666666667,0.30952380952380953,0.625,-0.1388888888888889,0.027777777777777776,-0.003787878787878788,0.0002525252525252525}, {0.0002525252525252525,-0.003463203463203463,0.022222222222222223,-0.08888888888888889,0.25,-0.5333333333333333,0.9333333333333333,-1.6,0.6345238095238095,0.4444444444444444,-0.06666666666666667,0.00808080808080808,-0.000505050505050505}, {-0.000505050505050505,0.006818181818181818,-0.04285714285714286,0.16666666666666666,-0.45,0.9,-1.4,1.8,-2.25,0.9956349206349207,0.3,-0.02727272727272727,0.0015151515151515152}, {0.0015151515151515152,-0.020202020202020204,0.125,-0.47619047619047616,1.25,-2.4,3.5,-4.0,3.75,-3.3333333333333335,1.428968253968254,0.18181818181818182,-0.007575757575757576}, {-0.007575757575757576,0.1,-0.6111111111111112,2.2916666666666665,-5.892857142857143,11.0,-15.4,16.5,-13.75,9.166666666666666,-5.5,2.019877344877345,0.08333333333333333}, {0.08333333333333333,-1.0909090909090908,6.6,-24.444444444444443,61.875,-113.14285714285714,154.0,-158.4,123.75,-73.33333333333333,33.0,-12.0,3.103210678210678}

};

#endif
